<?xml version="1.0"?>
<opencv_storage>
<RMS>6.5242183690507838e-01</RMS>
<K type_id="opencv-matrix">
  <rows>3</rows>
  <cols>3</cols>
  <dt>d</dt>
  <data>
    1.9059097611415504e+02 0. 3.2035721481900561e+02 0.
    1.9098077427896533e+02 3.1905486732833015e+02 0. 0. 1.</data></K>
<D type_id="opencv-matrix">
  <rows>4</rows>
  <cols>1</cols>
  <dt>d</dt>
  <data>
    -4.1784355849661545e-02 6.2748232995557610e-02
    -4.7148157015502096e-02 1.1035171635758418e-02</data></D>
</opencv_storage>
